[0, 696, 2183, 5343, 8962, 12890, 16399, 18161, 17545, 15404, 12587, 9995, 8020, 6753, 5738, 5028, 4374, 3974, 3759, 3438, 3306, 3084, 2880, 
2827, 2625, 2585, 2465, 2466, 2272, 2167, 2156, 1961, 1814, 1768, 1554, 1434, 1306, 1219, 1132, 1078, 1061, 1067, 1004, 930, 901, 916, 902, 913, 
837, 912, 878, 827, 824, 819, 802, 818, 767, 734, 746, 729, 727, 704, 693, 740, 681, 664, 714, 681, 627, 612, 642, 639, 637, 612, 589, 569, 592, 
537, 572, 561, 592, 526, 530, 522, 544, 498, 500, 482, 496, 464, 457, 459, 465, 465, 465, 426, 417, 381, 425, 468, 406, 411, 425, 407, 390, 388, 
376, 398, 382, 371, 355, 359, 386, 344, 325, 358, 366, 314, 316, 327, 335, 314, 309, 335, 322, 280, 307, 308, 291, 279, 308, 307, 271, 274, 287, 
272, 273, 235, 281, 259, 239, 230, 268, 265, 234, 251, 225, 239, 200, 240, 220, 218, 207, 223, 221, 209, 206, 201, 173, 202, 200, 182, 208, 178, 
193, 163, 181, 216, 174, 169, 163, 163, 168, 164, 184, 171, 185, 179, 152, 157, 143, 157, 142, 144, 169, 146, 149, 155, 145, 136, 129, 155, 128, 
121, 131, 135, 140, 139, 140, 117, 129, 131, 104, 107, 124, 107, 115, 119, 104, 130, 104, 104, 122, 105, 99, 98, 81, 94, 100, 106, 126, 102, 92, 
93, 98, 105, 88, 90, 74, 91, 90, 77, 97, 71, 95, 73, 91, 80, 77, 81, 63, 89, 59, 90, 67, 79, 79, 74, 63, 63, 73, 79, 62, 54, 72, 75, 78, 58, 73, 
66, 72, 52, 53, 75, 62, 62, 48, 49, 57, 52, 57, 69, 50, 52, 54, 55, 59, 66, 55, 42, 45, 54, 58, 51, 46, 54, 43, 46, 42, 44, 46, 40, 32, 42, 40, 
35, 61, 53, 50, 5077]